809300778
3686403196
3637693818
3634828998
108380260
27118496
1135744158
836539044
3415388074
3572747245
342983623
1491595579
3724388241
3195522620
2998950984
502105829
2718825681
3069811775
136483988
371255014
358665798
415161065
2656699797
3619551793
3108698278
590311064
231970232
1326436836
1397275693
579643931
27195319
2737407453
3655642341
3136548295
3009000057
2888891072
3372240743
3616515498
510228471
2895108599
3334845014
2445120695
3634555574
356561009
3133852499
18375508
3637524680
2658691631
2413426574
151069395
2159324557
1319609540
3349792132
1643438797
2432800991
3637459814
117122179
14851427
2365453637
2204522982
3711626062
2548124214
1928420724
3613121472
540454139
3309921307
496349095
416154609
3637357212
3542760752
3308663435
2460785653
49434911
3164516616
3727778415
3599270054
3631200135
3727917076
110762568
16147364
3529518617
3706522047
2383423825
242337685
3633327679
72645686
1708978250
3637289353
2203704476
136103049
3436798125
3236261084
2417817089
3308797496
3674442143
3010776266
1169038963
3297975200
3324007524
3166489783
3727703955
3016011156
3709654931
2738207007
452547603
1394583860
3237543278
3330011249
3727480037
3340390216
769731390
582713821
3577302142
3637120939
3701066542
3637092133
3718027108
1716578180
410597944
1457263086
3134832328
925253263
3579906254
465959200
3313034119
2709708140
3280809606
3637067833
3544454718
3057953261
3302872684
101440655
3714789615
3008282712
3727536443
3605889733
3046567777
567185754
3727490141
2941444521
190984898
1216346539
1101790740
487013047
3709862969
3280651592
522789733
361028569
1479115891
2421462290
347353535
3654254421
3727393035
236300540
2174638221
356645012
3511953381
3704596043
309031947
3293429306
531006449
3604663998
286168307
3718524915
3636777254
34062539
298309103
1231346664
3684690255
3586264875
70879095
615672971
3002711424
422674806
3726479355
103859387
2981922028
3591924434
1338006140
491096676
3231506658
18753047
706858214
3093140294
43060754
3434470899
579661473
3727084395
203182356
3308801102
3072277844
38309916
723035144
253295929
3459174875
2769191068
3718850117
3211666403
3411998068
1458155492
3228327824
3709946662
1237237075
36555326
3356824593
264473619
470857381
3636594325
3548200522
3636416472
624788842
3118407820
3099827722
104329036
17691484
2985988094
992140604
730199335
3131565760
3726932307
616088224
487952954
2931355992
3565843274
2313652026
3636239772
160586518
383131592
852531110
3636368058
257224347
2902078570
41061834
1015214144
3013630998
602862436
3726958636
176063018
3726565108
225420630
3719688623
261812672
76357148
1028401800
1172305495
3636040512
3313223754
2629959302
3470220732
3365570891
412810624
3221744003
3646788257
3271738411
3624794593
595850476
3620846487
3569100500
594117360
3603838093
3713606183
1558705476
3379677436
386959746
381432139
3701377840
3636166998
3615827959
3661602317
3280795904
1473354913
3586122914
3636250459
1255696520
1633254806
518665179
3632732843
195951725
3636192319
1561816711
3240959659
3235521842
3636140834
2517232271
3623277614
1457480640
536574031
3447170473
3708370876
3471234259
85832479
518947797
964196761
525735232
3624902293
33871088
22909594
3304195394
2887209148
935380604
3312550500
2213859077
557440162
486364407
221460878
30307306
152140177
95213585
3635828065
719948918
483972546
375243469
343992948
80794294
211134500
2648814102
3299553042
2153507148
336614349
34550068
3282144008
263078058
39791647
2891358212
36310918
3192159062
414229056
166565553
3635960965
2946865746
3676739603
595639440
3635760254
3277325161
123959774
3415304044
3178659895
3008958031
3016113506
965997931
3615683239
521978227
3288867299
114467613
162720243
3192698467
3115858792
3632719278
3292947638
3622724652
3295329071
27758218
27078446
2468143776
3726089961
3602101213
304541712
3279501414
1095689790
1246076455
1555631882
214814692
3635610913
3664465755
1594500014
3726106697
3060805847
3635216060
3701138901
2821089884
3634144392
900067304
733067947
3212208779
3635416092
3726135076
1476917858
395309518
424060964
476892711
3635237112
3198868511
3409292217
112420940
3616053915
3177983701
183554531
366685266
2812437380
373458915
3635281992
3582561613
444015537
1433670224
3720852677
1480261412
30329186
65643279
3546771975
307091042
3635412680
3706464915
389740461
556315431
843798421
215553860
3317389712
3438111358
2809251211
3186600919
558832834
53013893
3635348113
81260953
287680223
26712876
3635291234
3315341232
290336161
3635211734
3579656538
2524721621
26613412
166014973
2470400269
3725658555
3327431888
3635188632
283249778
153099459
68229949
1913135912
2852165653
3351316433
3221127359
3458036414
3698123302
3273540295
582501049
3629184192
293127261
283592299
3634037234
221082624
469899254
3543429374
19609981
3185956724
2726063647
1032325872
3248368267
341390524
3634990332
3157766959
232878133
3602234113
1570054680
3190437595
2606976118
119775098
1493577853
3149119117
138968870
3627934699
1015046672
1366764278
3725531056
16518900
3613600753
3306601644
3628953133
3496378880
132372044
95339867
3634845194
712195591
3502268474
3720325251
3328078710
3634274054
3604944974
3526661909
187869001
3059015191
3281355925
277211776
365929799
2972967913
3634713138
3634763833
3725276303
222186265
3713978956
2920842659
959308566
3627145212
37113783
3628693993
2748220173
1951355251
2974100032
421724774
1527632238
1601783666
2946278036
3224430718
3498963192
2572165720
3607448294
2233688071
3634398252
21160606
288707171
1584957762
866902032
3710293455
2408419982
3303040214
279616058
148262145
3634576272
569544965
3640180517
331957308
3315374479
413617220
585634601
2967388654
998664882
216231092
3232149523
328230440
3723277995
1546122163
3102135624
2901557556
3432655469
3154844221
136563991
3233934063
3156959136
3591620774
3116424941
1472368952
162621817
2279823163
3631183753
2585911742
3689431823
2767033494
100908003
3432842660
3017933383
3596397205
1290311478
251194552
245607936
200149772
2389174764
445987813
3405720634
3634454353
2812373759
3634423753
1255411434
3618509832
3008425035
3322005937
89777418
2318338310
2647092031
721036460
3296163828
2987462126
179814864
275183538
3097321242
26442312
429772042
1086998280
3245246011
94537007
1165583592
50953993
3634397053
3189439022
3457953867
229852271
243434127
72840178
2991828360
633547404
1389599898
3278974098
1072891633
32604592
159568852
69435535
3302797892
3434160148
3305654941
2368253868
292420031
2730496324
3284325079
3598048754
613092581
3633983240
3634244173
498476295
23559506
3613443193
2588811926
3312562644
3679736235
3572461512
25265364
3177352717
3020654162
3565358714
3278112001
3634180034
3514299014
2363581483
3261554311
2881431740
3313238809
3319568701
3701724435
3407415093
1453029384
3512866214
1863716820
3352590142
3320427721
266911310
973197098
3637156222
1548443228
3306541351
3394588274
3706806017
3505632016
25741274
3612891978
2988993594
277880159
437171086
1034536274
3497161934
3405128393
365578100
238043889
28374242
89116683
1915141765
2715395615
3239934538
3724555275
3633908545
3620157853
3633355105
3634009333
3724618522
3386800913
3515445793
2912435642
3048843762
245699380
3601093340
3328807387
3331347520
462582973
3724556542
243040948
629521520
3038796534
3633804266
2882875641
804122040
158531038
3037152490
3559545072
3618758832
3436993281
3578780602
2289122407
1110939002
3633750804
2621820597
197699308
2733902975
1480451982
3633755234
327200949
3461336112
17194010
3074072603
2931197957
3633787999
464028705
3294005390
3098518273
3511704619
3634947687
113421895
3370404021
1850135208
3699488776
2562736561
19379289
428186601
3619444321
583216035
1917786060
3598734199
126342990
3629869466
2914100953
3724142655
2196843956
3667137083
76538206
770765438
2509514784
3385067943
360258861
3313292416
3633519552
3620284579
765177326
3368077485
2587863360
726058561
280717602
3712806617
3345674265
78746459
3624669134
419636253
3461457973
3621052272
3383891829
3632343973
69123730
2780915825
3330402838
222269683
3710825055
3661446436
2777259227
1971982267
3125632066
1158895824
3262512734
479174961
3133869289
3293526061
3299147857
140635572
2928931476
444312665
129084926
3308297234
3107200790
3632923453
3294577920
2405548688
3105116616
2921876248
2944218185
3074347855
3633195194
2366101469
451848868
84439401
3723922209
3432240377
3633390499
3043596259
1730684857
3360722780
1973598894
3633429013
179360451
3723878475
1644196525
3713564175
2634306787
95688536
3615485593
3148268070
3633371053
3682314735
3482036666
886579248
1141090452
3251136627
3427376236
3269516754
3713132897
3691538661
3399594407
360361817
3257380980
3643267757
1144116444
2877347092
50460256
2631726910
3633179712
715673330
16938781
3119654607
2613678956
224086679
3681672136
333850840
2292051696
3633146898
2538370692
3376116603
3723787523
501461566
368280816
3293586125
3354111553
312604854
3589496954
3234522867
3165607744
3406291639
74774255
14531944
542718430
2447019528
166083072
1921141334
2582266850
401715980
3006952742
41082178
3723828556
808198008
3384758176
2966775734
3576919333
3585668892
68330841
51406718
3611457140
1021327962
2259458620
3712863435
2495018717
3723732977
295940283
3171345242
2479155010
2773723297
349551163
2435225136
3452978536
3437849583
3312524840
3051044163
33679887
3488170693
2401944812
3328148363
3707746641
3247825668
512810703
348503830
3430431297
3432884824
3710555057
2796419808
1921252644
27245286
3316524730
3087684616
3610809554
3723674537
2821819343
3718734675
2960864770
3011479863
3474694875
534312334
2884831199
2610295139
3723653356
3154292546
3706515507
3420604572
3154725345
2241914236
3723555917
1141934418
58666184
3713779696
3236705071
3632852970
3633040405
3517535476
615119353
353485903
3702189023
173011271
2249605734
3002377528
3722265149
3472516157
1321276658
1090633470
12930242
3247319455
2361514592
3426829834
985640851
96528559
3313693002
3614990475
3269505961
3421518580
3565291332
3702957735
33391674
2836148604
1352250697
3415991674
1320775321
62843641
563405131
590527546
74844104
3370912473
3112215286
2856163743
3511212253
259103387
3627845894
3611718428
3632719933
2261939844
3320836094
3589118232
1633326884
3268746662
3389218060
35551098
2307628921
430446730
3723379581
983847343
2761506247
2446918674
3719764534
3648388108
2900945358
18273224
22410066
3710671457
176856566
3292286110
3342409392
3618647058
3472184534
3630658032
3723369617
3723305807
3296200280
1507420580
95847775
3623677158
322155134
3670201336
3601428134
3618213985
3291691496
3401591003
16894576
225086918
258648719
3710627116
3381823752
3522611656
2722697532
74637965
25989143
3562247486
3424642198
1963887612
1442733421
402184734
2448713637
1177127400
3670031962
3617534726
3548679994
3621259879
2849981653
3632535672
3632623454
3008054873
3271452810
3311737807
3723314416
288783131
3632534964
3162780554
2794753219
2821645366
1439899027
3185256431
3686627056
3611158873
3722996415
487559237
3579262642
62341417
33877909
2739997973
2493565715
3723278776
3342978579
470299320
2603442403
3632455932
3707475256
15328849
1135966058
3273469754
3250117273
156806650
3496967358
704037126
852237846
3669828735
267897500
3268604378
1046486059
2889905927
3205046668
2961125175
3319158693
161846486
3710998577
799246957
3578732113
3300580422
2181148073
51380481
3388545659
57795339
3690874815
3634910236
2900000404
511223599
3464492952
3722588476
3295534714
3484773197
3165033790
60450778
3723062777
3666185297
3438221957
3632048352
2509611669
291698104
106742043
3702075915
108342127
1596894643
215380266
168278919
1567292652
3359957044
1056143995
3632350879
2490760820
3722988857
3138877655
3077594239
3626062274
3632397553
3179597896
69190260
2902198693
3005362324
3388117714
3690820575
1587110466
2355578352
3633821296
3319600386
153859599
2284226442
3407112617
3462012802
3612070823
3005430626
3308282934
3304187427
3442052835
3440936837
3632297113
3619183332
1090871522
2276393443
3466650377
3620255172
3643836267
732212162
2926105772
181162524
1269957385
1105719756
3434287755
3292104590
3610419977
206838496
2478798888
1371189834
3325172902
3620997674
30678419
3586972759
236141859
389791382
221231436
501656443
288388125
3343783334
3219592920
2755718959
2369943095
3361795811
3622092805
2302152412
411727990
3031868736
2793145751
3632166434
3691197257
106945256
3632089878
1558239162
2720296156
3722680703
34135863
2900221756
3722775977
3719868316
3110748083
3300965658
1571088793
1656047892
3421429593
25698878
3558475695
429136366
64413395
3196661802
232664821
3484531152
370494178
2945457668
3722681295
2351711890
3722327782
3701893276
1332922836
3722664255
2928499493
3048145867
276160079
2341319522
3379671239
3690062415
193795945
3010716186
3628390392
3298632998
1365991028
3312700933
3303847764
3711986715
3361946469
3343323853
207231655
2553225612
3631939572
3405001593
2870609299
107602336
3586378812
171745405
197194222
2866027596
609879601
2686092890
145654768
3712894455
3196583782
3395905212
3220769120
3438664407
3425890792
3711747615
134999078
3667792282
3673545256
3623423353
477982168
2605795404
2878841216
3542919554
3610854146
139204591
3529714752
3722523436
3120196186
2961264069
3087199327
2820712112
704972722
3174377025
3346877645
2809224452
3169637838
3710394929
602960176
3707363056
3616943412
3065354610
3227642724
3306122607
3312769746
3277180208
3224424066
2659579412
149368665
3011877084
3708006202
3634460061
3276098360
566038518
3557193442
3722523677
103355173
3722464875
308539862
848520828
408875066
3599831120
2650850982
3627906794
3436742230
453628755
3543483920
704431420
3323334458
228149408
3627878059
3486357801
62818877
2927312678
3622105216
2988634108
2791155918
3519165076
3722444776
3722212941
390520658
3641056275
3556036841
3645914655
157180043
3630405144
3496262730
139381276
3407466651
2863511084
3044127052
3298974715
3149290828
3418234693
3241845596
3549771434
3633444555
1460798834
3343687993
3711095237
3643623381
3617952926
3650105901
3700960395
3646079121
3351086277
3243596798
15375790
3432882497
117845361
3624241103
3617760320
3722206221
2975431707
2604900236
3317156316
3722242635
3555417379
3339049163
275311044
3359666771
172224321
3631641445
3253151226
3028420314
1529172570
120367405
1960084644
3065668650
279954429
20010865
2367964027
1569006950
25078428
516112041
882632582
3391489793
3005038303
72862998
3295106563
3192662898
44744654
3368401325
2652424892
120677444
2613888829
281077174
3112003145
3630779598
2272522777
3162890454
3691805835
3040026867
3631506673
3722261614
3437606231
30067437
3692542277
327332992
3629941814
3719625687
3096847609
3389733065
368399988
3631470673
116727800
2626609823
3631404144
3631470374
532177783
42078137
1497795222
3425180637
3539940612
3440762357
3199858545
2958579969
3645436577
2857504131
3253951634
40316716
626584109
3631444453
3008535315
96837776
172563360
2561157183
102664052
3050860524
3309096084
3065792982
2866854089
2468634518
2900916638
60726379
3303106825
992064787
559943442
845515916
342650390
3631267932
726270955
3434093433
621446950
3288913730
831854298
2462264467
37664863
1300022232
163673036
3396005722
3391333126
30953466
50945878
3577599254
3018900157
3710758217
2985016972
2746734899
3615330500
3083078227
3612650118
2941616800
3335643479
3275244133
1542723590
441977584
3361569605
3131381206
249553917
3454824693
3631241954
2673731249
3708922877
27096125
3319428246
3386683641
56775445
3711066257
3345289158
3631132813
61792827
272439703
63635671
3280315789
2759358596
192971305
380634227
461489083
2974038172
3426544936
239496122
3399616761
3182160408
30397388
336482059
255080876
2952965545
3427233737
3631096152
2877366664
442252422
3618201074
465954244
1497665796
3619754114
3316174010
2979650580
3061904908
3341550492
1459310623
3378978139
3666487108
2363624563
3674965103
256587636
16736362
3630331944
739017324
3541288214
142896944
2986412804
2368348975
3630294674
2838627064
3100690680
3710018302
3612053304
120243724
2878794055
849874363
3533141653
820041630
2918800915
138418611
2240114131
3577046113
621186474
1549571827
337084126
121787354
3399040187
3581538076
3568082427
3279089352
32469915
2874444945
3630861018
3045050371
1891795039
3721582227
3721616235
3032063916
43988934
3005168088
63183902
3630837978
3183185568
3122528237
2921741092
3266193834
2770778117
3188504393
3617284051
3593352375
446650143
1916165604
2983356137
3246531432
3316932355
1947911791
3422988941
3630937154
50925601
1924880516
1185571057
3554428393
22347032
3630887000
3630903265
3311525080
1350926383
3269603875
3630329010
769665926
3701767457
18055782
3168067892
268390288
84676795
3393898295
3630727578
3691014436
3090340097
116248580
3299667670
81343794
2242349492
2520018634
3446984369
3630731298
3630757220
1939627555
356190309
3431774567
361840076
3428500607
1356567414
3150613855
20668004
2509029518
3467068278
3387565055
3630812251
3719473997
3630776534
337655183
3630742220
3610570152
144589251
3630648440
3630715411
3709532777
505201424
3096701798
176622222
3311928511
3585359605
2875752486
3617317278
3637158077
545705566
3070441568
3309058764
464873321
59037935
292570283
96404552
3174078053
53407661
3424608729
611695967
544959790
2920399475
3630559938
3619992734
3045231794
3630713911
2249255958
2661197142
908494051
3650880255
2358660880
479714574
311566704
3699926302
2282797625
3280555388
3630625886
3630346153
3077507008
2853523665
534683848
3281630840
2897127784
313231365
3300367619
2711185720
2942981583
3288282544
1675545715
100976297
55100111
3630632233
3499230074
2806341248
3707056577
2550445597
2673741313
3654728417
3630571220
3364231618
765233354
1210558652
2879142276
3630590480
637120784
3656985748
3630504500
981557305
3691673663
3140007786
3416699073
2849583817
3082043303
23188136
2854395071
542052836
1977287785
103801892
406531806
2236489480
2842232920
3709853241
3627923594
3619109538
3402589653
1097212922
1022955397
3709191375
3611598925
3394949260
3713699235
3630421694
331697688
390846254
465745858
20870389
3243913845
1429035428
24282009
3711337816
1362644282
3630414619
70835542
455038736
1532859834
2339014265
179818955
1090992866
3624352816
2875186256
3717688876
2276456940
138998925
371272038
140058860
2502024495
3619053972
3149998252
230054983
1230913790
2850409413
420138371
3630355052
260917735
79562835
65057826
408391123
3630273972
2149860985
283119804
3013287413
3241581080
3400246233
3699235876
3719797515
3347605649
3311109463
252343377
3630354685
836492959
3630371179
3610736593
2959481097
403467979
144338590
2846729134
406356476
59189141
2795326467
3630342973
3700182196
73647799
1473496584
807076064
731005015
291585319
396581907