2903446525
3604916426
143018268
3728479762
156556116
65921256
2734016248
3637992854
3637958431
3637901184
2557833871
3638028673
110713982
3728387667
17461852
3307717573
2303810463
24929579
2906055816
2741910071
3728464516
224697710
3045336322
370848278
59068763
3637796064
3637838118
3716574976
3637914493
1904491957
3369761836
315626514
3637913054
3198284742
2493308016
576957118
3637918160
3608067553
19748965
3570314894
70964355
3637800318
2960166725
3593420480
267273223
3590210352
3728270355
3096051985
3623010314
426677318
2527320188
438791345
1562660306
3622770148
120361805
3666181096
2934240795
3637793900
2278344737
253879464
3635292733
3728214447
3637775174
1005436795
343292593
3140761902
3637672518
2391317953
940570537
3390900855
2953224787
3728238857
66177906
2442409305
371127216
3436020023
287657730
871610600
3230878560
3278435930
3595669939
3596808082
3560496440
12646682
250831172
3637664190
3048224017
3637564152
2846439792
2998950984
502105829
1638192578
137280156
3320383159
3626608405
599191765
1336695356
3401636963
3728203517
3437144418
272084888
3637635318
3637726274
3637702213
3131028401
3637678940
93622147
3637364114
3728011581
252314400
3177352717
2838320539
590311064
3728083047
547853560
3288322775
2468810686
3636485114
882177620
3637709353
3406605973
130541490
2923783778
59273352
3727967955
3728080821
185912013
579643931
1326831672
26453098
3728137217
3480459139
3324295362
3637671445
2614979538
3356412853
3637683559
3706567095
2912721227
3153450423
3728058807
2922524419
2954184250
3649229536
3477702434
3728077343
3451104852
3637434673
71757884
3311225725
3569744068
95967073
35787333
1920912098
3637600094
3628430894
3634555574
267690742
3435207383
356561009
97251846
1244460264
2953335866
309316830
2888891072
2462531738
3626782763
3727998257
3707060537
3707825248
43660493
3637577719
2616542466
3637444694
2669533928
114823901
3538125554
3263585118
3637568353
2515152522
2341606530
3626392813
49427183
520218961
3637504214
2908365437
3727907895
3637523653
3336934579
3268454131
3392343748
360717069
2296716222
2295791447
37730058
3319031598
3728016616
2432800991
3234723025
1615865634
2745799814
3696219981
3001126536
15867062
2610672595
426441488
3024401040
3605103014
3581265072
3622687754
6066342
3727978396
3326010734
3637431500
1533853098
3311161105
518138966
3544527439
3727744096
2523082085
309631581
3487071323
1280579904
39415624
33224737
3365478976
104816385
3637374620
159608110
110762568
1632940340
39440503
84622106
91442521
3727507035
2778453431
3374463974
383395183
576812316
3437458523
3607527981
3716804056
3444125353
3404609206
3609297080
3573327378
3181212632
3637379359
3636496819
3727781055
3604503014
3636938173
2788332386
3687582975
3727807577
3637205718
3637217965
14652995
741600846
1349286416
1468698042
296640989
3043619294
3314111252
423409928
3637092804
3116977632
3171345242
3621908600
3727750643
3378362592
2458214057
3637229840
2942395211
45673273
2770035680
3367830080
3637154952
3469521620
419496335
375461079
3603704472
3430630454
3338682619
3637179074
3637197194
2230200028
3727699421
142379716
285278940
3688778613
1446435504
3120211986
3720433157
3727601055
3252200049
280974519
25358179
3165841779
3637200553
1306915944
2933454632
979948489
146380658
64691834
1619449195
3119871084
2572839545
3710550617
3666540857
1131722149
3628127714
3134832328
414578028
2441807756
3012900234
3637009212
3017120922
3637088954
208096005
2709708140
152609905
3625659984
185749049
2186472139
2898414829
3727618096
3322485954
2280892497
3727603702
459417097
3637072999
581206006
85357409
512977970
752586368
3643221496
3240731353
3727488555
1078361576
168104384
3628408573
3300408542
2344238816
237570123
1472547973
3727495877
2512236589
3098672994
3727494617
2812959728
3623547562
3033051303
3195588203
3057862922
3377160079
1498657729
3636856034
1060264741
3705256223
451247691
2951350702
928900980
3622122195
3727510702
3331773621
3412517293
3593353753
901732202
3626839466
3017031393
67294133
2734060548
2517384737
3637010173
3636924614
3068900057
110130682
3462655276
3727268177
286168307
52968665
3631005672
2780971253
3124054494
3279506948
3489876442
3578568748
3635928072
319204006
3613397299
1560795974
3293429306
3632904373
91838972
2562442382
144192010
3659425575
58746406
3727142841
1306425972
1437498102
3636755772
3632230515
443388774
3110247467
3586264875
3727160835
3580601484
3398266289
3510260539
1010335333
3727279163
2491218336
3636806899
2346962545
3418412651
994144550
2691492383
2451084931
3636739825
2762077860
3605419992
1338006140
498557773
3636684918
1316963953
3710081295
104732549
915203305
3607195574
3161296620
3727229009
278125781
158657018
3064168689
99894846
2292029870
3146638433
2863462043
3726921735
3608769375
709867386
3636116952
57850422
3636621972
2649697161
61693768
94137323
2654815414
1289263092
3635534072
3636157818
2573994997
1326501650
25015442
2784326189
2406427165
3636632119
3636559392
3107521810
2886776810
28025088
3636525254
2747105567
3220065961
3625730293
3636433813
3636635899
1229218279
585492880
2347211426
307958912
3038160992
516174217
2152718969
3706464915
2927135777
3118407820
104329036
3615621319
134588922
3727011857
3636460104
1231346664
3636413419
3641630175
3726951916
497980538
3726932307
837124712
3634306334
436400707
2493714222
3635957592
3401014810
3636405012
3627794359
3636523465
3192021565
3620997674
232222440
2558086544
3636386894
3636222912
3726877395
3328159722
41061834
3635837592
3636445466
290666043
820836877
3299498490
133782833
3719688623
3296016338
3636416773
1951090579
3310694946
3180088278
3548266873
3633983240
3288525882
3636223285
3636215172
2835395340
3635863332
3245921071
3635951774
3321980503
3726327375
3308692868
3726117916
3636328934
3726894076
1317276325
3636237972
2387620806
3636213198
203698436
288651768
196281365
3636351799
3624794593
3706386556
2279161040
3636299840
3601685712
3285519122
2578637252
3726588497
2768652740
1608635708
3636087678
3654666497
1742275093
2999624803
3010828022
3614029879
2294556979
3635271738
2776444748
3636250459
3680269876
555861175
3352080742
3636110832
1032693175
407877863
108849708
2963745571
3636017412
42560712
3372437600
915920149
3652397781
3312322346
3636220033
3406159265
3726655577
517806819
2935697965
3191972160
2205291957
3635485632
3726635117
33871088
3636057138
3430665605
41046276
3135543327
3611850674
3583619652
3009852588
2268961068
559704726
3726510621
3623715678
3726645742
3628658414
586415451
3550726514
3635914118
3295288763
626260234
3635778980
3683968696
28830376
558497119
1144465483
3636005480
3088850747
3315922298
288266145
3635083285
123245189
3297527287
1620894427
2586513808
217300727
556248420
3636035593
3303410610
1277465953
3635948594
3624298213
3635916680
3635732292
2225402252
29252315
3635867952
3635840952
3634934174
152951271
3635863512
3635913494
3111807629
3635239692
777148758
2751370061
3018998184
3635691794
3635853014
243842105
3726500776
296960536
3288604170
3635715260
3714458843
3303297236
1025834215
1890683480
3615703094
3614182519
1412055650
3635866034
3456603192
118422135
3635884285
3145805503
3635757864
301374513
3635806160
2643123297
3223058756
2763986949
3323884536
3599913974
819138882
3602590453
22074825
3461442673
3318250166
2808598556
3635798185
546045264
3503098044
3378640935
2955279667
3635704812
3017840314
85801748
3187052364
3635749034
2634197122
1166359778
2191170577
2515126635
2489627634
98880764
138503493
3635770153
3726207855
3635434938
1391605951
2350623803
3635714054
3635771893
3635769073
3295823197
3595234760
94156475
267258905
93192797
3489518832
3606654801
1859440940
3719683216
3373449123
3657072682
2265773617
3548253312
3635577192
19001565
132430206
49723230
350730453
107782668
3347689159
939998598
2432100486
3379742771
3635610913
3016396657
2732928939
945494197
3726085875
523634981
3212208779
1295415918
33081805
3635590334
3429429593
3635479092
3635350034
3424437849
3635487074
2721915588
3635224033
1476917858
3635518334
3176496758
296824718
3635441592
3409292217
3635582119
3602963292
3635535926
3402798537
2682083857
3634272264
2188765270
3309036536
39814641
19231895
2548524319
1190290704
3589741874
386445795
114643928
213076180
3725953096
590879319
3570939752
3635331792
3635411612
816578300
3177983701
3240094334
3635382614
17305872
3635405534
15587870
2304628566
169449112
3634431014
3725997256
2809251211
3305573166
187093449
431855034
594580072
3725838021
371200785
3635299218
176411169
3548101099
3635259132
3624054192
3524602996
3622435878
467187793
3317340354
3502129100
3140302874
50022160
3147049432
162254004
3635374813
3624259039
1536384637
3634499120
3381724725
562287232
3635278634
3628647620
2962298854
3725862677
459426111
283657109
1409786318
3624895332
166014973
3725843297
3539430614
94046342
3635314333
3299408130
2210074337
3311176369
3327248707
3280420104
3635237054
140487282
3635275933
2814826640
1701586939
3635199374
183584247
3725594663
1003698912
3632757565
3589732573
44073466
70650997
3725631496
3505262248
3297825638
3429082882
3671750901
2681409206
3635032212
293401486
3683913916
3635185994
3725730017
509937492
2560493179
3521593581
3281460481
3635154014
3635060118
3635204533
3042988603
1141658437
293127261
1956010543
1547591324
3634940712
3540417493
3249426996
3633641772
3616012166
3634349420
381502000
178840389
3634855879
3299233350
3119347128
3007510018
2167190640
97751331
831355369
3634988592
3563164277
1394305136
612119222
346587011
3635023634
3275855179
3635022434
307718208
3655626497
281486248
2887066707
86129349
3634979714
3634765332
3617907493
92271120
3624124518
3634917314
1968219048
3627529453
3622903333
518030133
1321808502
275097300
328833212
3459743603
3725518457
3634953133
304615988
27535928
3249705397
3466660634
3634857552
3724152783
17227302
16518900
3634823712
3283395241
3634844352
2272858076
87009726
3634832652
3302127678
3566262436
846091399
2866646736
3668176889
1201886466
3355058488
3634850954
3604944974
3634850774
3725309481
489428801
3247745840
3646079121
230497763
3725366537
3634746314
164598865
2981296147
3152229348
3634625713
3401659659
1550476584
3634676772
3634806973
3634701378
3298228215
3627737551
2725613228
3378350518
497419961
21968079
3241573869
3157030069
3725226017
804599402
3634629385
782717138
3634567812
3634637892
3375985769
3621009454
3459797594
416055585
515885450
3634618752
3634106539
20105649
3093337688
3379173275
3704959456
3248283944
3390915808
2595267384
3634712473
3725149941
3304939056
2558574340
3578438727
3614010733
3634592712
3634620133
423329578
3634448971
321429813
3511735769
3634268179
3300269697
595535823
3186112771
2697489103
3643493421
3640180517
3288489476
3725157383
3725131995
3725190743
975860820
3634649713
3316894256
2225391616
3313735010
3190655440
3362092889
3628377192
3315753408
3724161796
3257082674
3634542733
1140530438
145560298
3725092419
3623160138
3528057502
3665905173
3610541525
111332593
3281180773
3432655469
3717166996
3622958533
3125462770
2719831454
3613857913
229559884
3629809878
3634362313
2890471868
3540294980
155535139
2243418908
2211804217
3567418094
3634335912
3634272986
3313319190
2647092031
3424827771
3591620774
100659769
3634479253
3634304892
3634460659
76726332
3724795941
485298841
3317678898
3634367540
1405384910
3626248694
2950371257
2209791404
2999442464
3634380734
3634106114
330094792
3283965475
2595188276
2797932320
3624069560
3634300094
633547404
3573191833
3634274054
22702203
3634235112
436851241
159568852
1215703932
329878519
3251311746
2335786926
3718502117
3724813517
3302797892
3634116800
3634214412
31048566
3639755361
401805906
784185410
72840178
325568130
632676590
36696762
2893987009
3634041972
3613061952
3243337922
26126905
3634236314
3724652661
3612189141
3634281073
103016249
3633088094
1420065288
723380018
186070993
3514299014
2881431740
3601459094
3719714176
595084278
370447541
1863716820
3634205653
3694185503
3688975468
3387849903
389876035
1470580680
2219405525
491048498
3633674413
3067427205
734447077
3724624703
3589747111
3383228592
1562130414
3301843182
77247726
549313502
1917730303
207438462
3634132273
3724653977
184428791
3724600888
437171086
1326892386
3634025486
3633948552
3144746267
290571644
3614436199
589673218
1590440125
3634043294
18697521
3620456598
3323788019
3634076233
3012046790
3309004392
3724564156
33603124
3633933914
3619862654
40684272
3175098507
3704437516
3624006980
1529890724
2625317584
493830657
468655108
3570808094
1425972216
3319840003
3633897913
605565664
3438619145
281426689
3633973093
799930303
3616907966
224897414
3151883076
861026726
3629179213
81973765
706506343
1417395307
3633756494
2154873752
1921141334
3316042247
2882875641
3633926179
3633913693
3339795213
2161629542
107337278
723091746
3438671653
3723059715
1177932480
3713027535
2289122407
3629719452
3648491483
3633802640
3633682994
3633709212
3161800863
2431232167
701939606
155571870
3601663040
2820093163
3174346576
3633392419
3188185530
1977759620
3528288252
3724375336
1023127770
3595198878
3139869510
2788943209
3461336112
3724303335
3633533780
165695456
3633400812
3633780913
3633635114
1332023586
3370404021
2193428946
258246751
1850135208
2280667342
2411975630
3633245832
3501675372
2998940780
57499017
3633664573
199294324
3192843183
3718643597
3632553914
3633580518
3724136129
3724197375
21031892
3667137083
156573683
736183148
220001772
33312944
3678241821
3309709711
3633597014
3284130349
3615195507
3594269833
2884151358
144085781
2509514784
1655454745
1699582830
3633579085
241249376
339680697
3337358478
3633512592
3633459560
2737785494
3009211689
3121307300
3349719851
244653473
2595864145
3614984112
2539454644
628136839
18748222
3068869696
1865573413
54274588
591458776
3173516554
3554439732
3582437124
596387689
241242594
3633496154
2735081754
3198462372
2930413657
3633387804
1219511610
2592809540
1861145317
2292017345
3249797425
3523341379
179307097
3613443193
3630139346
3633172572
28926072
3181638577
230339188
3633447553
3223497798
3633191174
1973598894
3723808695
3633402193
3724019596
1164824868
3165503127
1042934984
95688536
3626544379
3633237552
3630286218
1581651104
359504289
127907649
3723719415
3723005055
3003964820
99545900
312604854
812080458
3430744551
3111184287
2781271814
3489128353
1141090452
568584195
2768995500
3025585391
3411138341
293996773
1347933792
3721979237
3249268868
3723943702
763411447
71915425
3395429611
3631792159
3369964639
73290031
394403582
3723787523
1926902684
115237501
501461566
3578022140
1939064618
2941867094
3510103812
365275527
1220512135
153174574
3269886672
3633036014
438345735
20382156
3698241377
3145984194
2839569628
65676876
3186444314
264104789
3003670990
3316524730
1683863623
3633049938
3091898105
3611878753
2872543548
22919237
3328184620
3955561
2984210059
2495018717
3592069634
3704834241
808198008
144446587
3471503063
3309130758
3422723652
3312524840
614252770
1523737794
3633071594
238965147
184794782
3632948064
3633095713
3632467578
159751478
2610295139
3704592556
531328901
3349627938
3628274233
70835542
3723600977
123639454
14361869
263795110
3283712588
3633003374
301357319
582647183
3722986703
406226529
3632960971
3632781372
3247319455
3116856979
3434562357
3258915252
3610921938
1408317991
3719480662
936817982
2696641969
3632923754
529720134
181879378
3632853854
2964936569
2427153128
1626787256
3632803332
109651369
3719764534
3511212253
19888546
1065408056
2498298528
253465941
3409963349
2266320539
3659703557
3722958555
2910929160
1531437500
1219311859
2910266877
3000212658
3300999890
445112751
3632567592
2446918674
1674709357
35056234
746610931
3632728632
3723472942
240236282
3268382617
3624081313
3407250260
3630658032
3574621276
223681460
3373197433
3721664477
3632620524
2506489722
1612645562
3723295696
3632675419
18318171
3632478973
3722944875
3670201336
3254251315
3561916105
2584006896
19060941
321778920
1877951
3614253977
95792146
3399569506
192438387
3311889199
3723195023
3670031962
2582959717
2972885346
3366626174
375474098
3264899250
3055017030
3287852288
178172934
18781758
2901759674
3632534964
2984541482
3418799692
2759341044
792283855
145348929
194839247
3387315374
3632602094
10070612
3723155363
3250117273
3632475438
2815097654
3632446572
2961515629
157405092
3723104541
3722639303
2725057188
3632393293
3632539333
250804704
16569719
3078611985
2975073801
3148405908
3601564694
3632551993
34412149
3632498053
233242034
3632501054
2942685979
269542408
913169088
3017437172
3632389512
3632459174
1442935788
62613274
3632177065
3617696839
32699367
2472720068
578722646
3626062274
3627108852
386913775
352378540
996053929
3722988857
99133610
3626224634
436134147
3253808343
531421290
3632259494
3630625460
2395531291
3722969483
2191919061
1571654952
53509513
3592344852
3419158463
1587110466
2172438037
3655407143
3663310702
1470116280
2465181434
427960694
297252327
292020327
2993023637
3285315391
383852960
3241579974
3632192544
3525829696
3315625255
3722483656
1483288058
720495862
27999280
3632284093
3572895313
3389950719
145053262
2770653854
1270971186
3722449817
3722855663
3722640663
1656416666
3099824298
545084125
3593928737
157795481
3139131633
92535859
3570468928
609414575
2941505703
3400186873
3632086274
995431482
187941421
3716329163
2928068796
3195038565
3438791232
3414384492
3282462475
3632021178
3141694551
2822624479
3613421532
238423224
59424876
3684995548
3302760549
2804217470
3632043020
14478474
3099394230
1273935367
2741950752
28283604
2870609299
2965346788
3273901581
25512806
335561008
3669235395
3706960935
50668541
3722174717
3630465571
2916103454
3631852332
2341876934
3568595294
2544431358
3026207041
3334635045
3293526061
3722116757
1077240216
3588396972
3452374756
3254818588
29495050
265835305
25567147
2956520528
2751905867
3596550200
216191144
3298875860
811217574
1896122294
3319217918
3722073201
3276098360
3580853656
3695207307
3407262706
3631905553
2819036821
3627906794
79916552
3722082735
317136940
29443614
453628755
29149092
16283016
396713412
162515161
3709421236
3205204513
2996791401
3323817857
3607427660
242471407
128009048
3180122463
3621256934
3628390392
3631534872
3418234693
3580353432
952046400
3631593013
1462695691
1362768708
3254039947
3001094019
130584750
2715101353
588359288
1125012410
3631560672
809126215
3594777686
2398962234
409140237
3631459152
1158027318
2910608310
24594398
240400963
363307930
3631658594
1124717952
22530665
3637881556
34109389
48618546
3069230843
3631563974
492614936
3631680133
3436759453
3501154813
2784295274
86317782
1216330322
79554994
3710776828
3317468012
2397350885
3510919932
57081703
3722260336
3722125816
3631432879
894165974
1389281130
3671584697
3722255536
3369260507
3026888474
3631000334
3371610147
3719688377
544945045
3575875876
3534383358
1497795222
3631470374
3722158996
1509351954
611069434
3397032483
3656532999
3631345572
569639925
3294019296
2931612644
119017224
2632048161
3588017832
3513602713
863587710
3162156642
1220472896
3667905256
2561157183
3718503525
3631299792
2346942068
132023489
202980019
622948561
2930309593
3168104492
3675948075
3307114665
3586199412
2945621848
386570186
2993666139
2466344618
3631315634
3721817781
584933368
342650390
50350432
1236723769
601461790
3424956603
3268900118
1373127894
3391333126
475925497
3610028833
3067671837
2991984720
3306463572
3412990443
1315820995
1597225238
3565705094
3320417335
2398337371
3601409240
93450454
3304934896
3301117896
2886065532